524
0	J1:1:J2:2
0	J3:3:J4:4
1	J1
3	1
5	1
4	1
9	1:10
1	J3
3	3
5	3
4	3
1	J2
3	2
5	2
4	2
9	2:10
1	J1
3	1
5	1
4	1
1	J4
3	4
5	4
4	4
3	3
5	3
4	3
2	3
2	4
3	1
5	1
4	1
8	1
6	1
7	1
8	2
6	2
7	2
9	2:15
9	1:16
10	2
6	1
9	1:15
10	1
8	1
6	1
10	1
8	1
6	1
10	1
8	1
6	1
10	1
8	1
6	1
10	1
8	1
6	1
10	1
8	1
6	1
10	1
8	1
6	1
10	1
8	1
6	1
10	1
8	1
6	1
10	1
8	1
6	1
10	1
8	1
6	1
10	1
8	1
6	1
10	1
8	1
6	1
10	1
8	1
6	1
10	1
8	1
6	1
6	2
9	2:15
10	2
8	2
6	2
10	2
8	2
6	2
10	2
8	2
6	2
10	2
8	2
6	2
10	2
8	2
6	2
10	2
8	2
6	2
10	2
8	2
6	2
10	2
8	2
6	2
10	2
8	2
6	2
10	2
8	2
6	2
10	2
8	2
6	2
10	2
8	2
6	2
10	2
8	2
6	2
10	2
8	2
6	2
10	2
8	2
6	2
6	1
9	1:14
10	1
8	1
6	1
10	1
8	1
6	1
10	1
8	1
6	1
10	1
8	1
6	1
10	1
8	1
6	1
10	1
8	1
6	1
10	1
8	1
6	1
10	1
8	1
6	1
10	1
8	1
6	1
10	1
8	1
6	1
10	1
8	1
6	1
10	1
8	1
6	1
10	1
8	1
6	1
10	1
8	1
6	1
6	2
9	2:12
10	2
8	2
6	2
10	2
8	2
6	2
10	2
8	2
6	2
10	2
8	2
6	2
10	2
8	2
6	2
10	2
8	2
6	2
10	2
8	2
6	2
10	2
8	2
6	2
10	2
8	2
6	2
10	2
8	2
6	2
10	2
8	2
6	2
10	2
8	2
6	2
6	1
9	1:10
10	1
8	1
6	1
10	1
8	1
6	1
10	1
8	1
6	1
10	1
8	1
6	1
10	1
8	1
6	1
10	1
8	1
6	1
10	1
8	1
6	1
10	1
8	1
6	1
10	1
8	1
6	1
10	1
8	1
6	1
6	2
9	2:12
10	2
8	2
6	2
10	2
8	2
6	2
10	2
8	2
6	2
10	2
8	2
6	2
10	2
8	2
6	2
10	2
8	2
6	2
10	2
8	2
6	2
10	2
8	2
6	2
10	2
8	2
6	2
10	2
8	2
6	2
10	2
8	2
6	2
10	2
8	2
6	2
6	1
9	1:10
10	1
8	1
6	1
10	1
8	1
6	1
10	1
8	1
6	1
10	1
8	1
6	1
10	1
8	1
6	1
10	1
8	1
6	1
10	1
8	1
6	1
10	1
8	1
6	1
10	1
8	1
6	1
10	1
8	1
6	1
6	2
9	2:10
10	2
8	2
6	2
10	2
8	2
6	2
10	2
8	2
6	2
10	2
8	2
6	2
10	2
8	2
6	2
10	2
8	2
6	2
10	2
8	2
6	2
10	2
8	2
6	2
10	2
8	2
6	2
10	2
8	2
6	2
6	1
9	1:6
10	1
8	1
6	1
10	1
8	1
6	1
10	1
8	1
6	1
10	1
8	1
6	1
10	1
8	1
6	1
10	1
8	1
6	1
6	2
9	2:8
10	2
8	2
6	2
10	2
8	2
6	2
10	2
8	2
6	2
10	2
8	2
6	2
10	2
8	2
6	2
10	2
8	2
6	2
10	2
8	2
6	2
10	2
8	2
6	2
6	1
9	1:4
10	1
8	1
6	1
10	1
8	1
6	1
10	1
8	1
6	1
10	1
8	1
6	1
6	2
9	2:4
10	2
8	2
6	2
10	2
8	2
6	2
10	2
8	2
6	2
10	2
8	2
6	2
6	1
9	1:2
10	1
8	1
6	1
10	1
8	1
6	1
6	2
9	2:4
10	2
8	2
6	2
10	2
8	2
6	2
10	2
8	2
6	2
10	2
8	2
6	2
6	1
9	1:2
10	1
8	1
6	1
10	1
8	1
6	1
6	2
9	2:4
10	2
8	2
6	2
10	2
8	2
6	2
10	2
8	2
6	2
10	2
8	2
6	2
6	1
9	1:4
10	1
8	1
6	1
10	1
8	1
6	1
10	1
8	1
6	1
10	1
8	1
6	1
6	2
9	2:2
10	2
8	2
6	2
10	2
8	2
6	2
6	1
9	1:4
10	1
8	1
6	1
10	1
8	1
6	1
10	1
8	1
6	1
10	1
8	1
6	1
6	2
9	2:2
10	2
8	2
6	2
10	2
8	2
6	2
6	1
9	1:2
10	1
8	1
6	1
10	1
8	1
6	1
5	1
2	1
2	2
